Marka,Ayakkabı Numarası,Fiyat (₺),Fiyat ($),Stok Sayısı,İndirim Oranı (%),Tahmini Teslim Süresi (gün),Satış Adedi,Popülerlik Puanı
Nike,37,1569,57.05,112,46.33,10,995,10
Nike,38,965,35.09,445,36.36,6,160,1
Nike,37,1195,43.45,358,16.33,7,579,8
Nike,38,1922,69.89,280,28.52,4,800,1
Nike,40,1540,56.0,116,26.04,7,397,9
Nike,38,591,21.49,81,48.06,11,276,6
Nike,44,1992,72.44,198,42.23,8,815,7
Nike,41,1556,56.58,30,37.37,11,915,10
Nike,41,1842,66.98,112,26.98,1,503,7
Nike,43,1616,58.76,131,29.34,6,895,10
Adidas,37,930,33.82,476,48.26,8,391,3
Adidas,43,973,35.38,224,30.35,5,134,2
Adidas,42,1526,55.49,340,13.8,4,194,9
Adidas,36,1944,70.69,468,14.81,2,400,8
Adidas,44,1788,65.02,97,8.26,6,639,10
Adidas,42,1708,62.11,382,0.78,6,32,7
Adidas,37,1710,62.18,109,21.17,11,687,9
Adidas,44,1338,48.65,369,19.74,1,459,4
Adidas,39,1832,66.62,161,14.67,9,954,4
Adidas,39,1361,49.49,140,0.7,12,882,1
Puma,41,1654,60.15,159,9.94,11,469,8
Puma,44,721,26.22,318,35.57,6,374,3
Puma,39,1585,57.64,267,39.51,13,21,7
Puma,39,1497,54.44,353,30.3,3,749,2
Puma,41,1955,71.09,423,46.32,4,669,2
Puma,41,1084,39.42,303,32.55,12,37,7
Puma,42,1190,43.27,395,45.75,11,229,6
Puma,40,1659,60.33,201,42.5,4,364,3
Puma,42,1320,48.0,453,22.47,3,562,9
Puma,45,779,28.33,286,4.77,10,437,10
Reebok,45,905,32.91,170,18.54,3,775,6
Reebok,37,1241,45.13,469,33.44,3,282,10
Reebok,41,682,24.8,323,33.3,4,26,10
Reebok,38,941,34.22,31,29.56,7,225,6
Reebok,39,1172,42.62,262,13.74,4,276,1
Reebok,43,1315,47.82,245,28.06,9,797,4
Reebok,44,1546,56.22,354,19.15,1,608,10
Reebok,37,693,25.2,58,48.59,8,283,6
Reebok,44,1330,48.36,484,42.45,7,878,6
Reebok,38,1176,42.76,68,36.09,2,959,5
Under Armour,44,667,24.25,179,11.8,8,480,1
Under Armour,38,631,22.95,485,12.8,1,452,8
Under Armour,41,1142,41.53,197,2.02,11,828,5
Under Armour,38,1540,56.0,473,35.53,12,815,5
Under Armour,45,1190,43.27,280,5.54,9,658,7
Under Armour,45,1330,48.36,199,21.97,9,515,4
Under Armour,41,1723,62.65,455,10.09,2,546,6
Under Armour,39,1006,36.58,184,44.79,7,191,4
Under Armour,40,1205,43.82,455,23.77,14,48,3
Under Armour,45,1541,56.04,60,28.16,10,511,7
Skechers,36,1356,49.31,373,34.78,3,16,8
Skechers,38,1124,40.87,64,6.97,7,171,4
Skechers,39,1549,56.33,253,30.22,12,219,2
Skechers,42,1374,49.96,329,26.99,10,157,10
Skechers,38,1502,54.62,140,10.15,9,476,3
Skechers,45,996,36.22,494,47.14,4,45,1
Skechers,38,752,27.35,316,29.94,12,372,8
Skechers,42,713,25.93,144,34.74,1,517,3
Skechers,36,963,35.02,30,44.02,2,98,10
Skechers,36,935,34.0,338,31.22,1,891,7
New Balance,42,743,27.02,176,14.78,14,744,10
New Balance,37,1903,69.2,283,5.27,12,36,5
New Balance,43,1651,60.04,397,22.83,5,279,10
New Balance,45,1353,49.2,98,10.92,5,348,5
New Balance,42,873,31.75,325,20.83,11,496,7
New Balance,39,1410,51.27,23,44.16,7,301,9
New Balance,38,1129,41.05,251,16.22,9,180,5
New Balance,36,1499,54.51,274,6.1,9,606,1
New Balance,39,677,24.62,355,17.81,3,98,10
New Balance,39,643,23.38,62,45.34,3,699,10
Converse,39,1960,71.27,395,13.61,3,992,1
Converse,37,1314,47.78,349,32.38,4,115,2
Converse,43,1671,60.76,101,0.03,8,190,6
Converse,38,783,28.47,376,17.63,6,252,9
Converse,42,554,20.15,453,15.24,8,980,8
Converse,36,1558,56.65,464,8.23,1,927,5
Converse,38,1587,57.71,437,26.7,8,982,1
Converse,38,1504,54.69,273,24.24,4,160,7
Converse,45,1613,58.65,440,34.62,11,255,5
Converse,41,785,28.55,44,13.47,1,322,6
Vans,36,1878,68.29,215,12.21,8,127,7
Vans,38,1026,37.31,90,8.41,4,17,3
Vans,41,718,26.11,429,10.94,6,792,10
Vans,37,771,28.04,59,27.91,8,734,3
Vans,45,1579,57.42,369,20.19,4,565,5
Vans,36,1067,38.8,397,3.24,14,569,6
Vans,44,1931,70.22,11,12.7,3,322,9
Vans,45,1441,52.4,399,12.34,14,871,5
Vans,37,709,25.78,63,34.82,9,685,1
Vans,44,1552,56.44,115,35.61,3,791,4
Asics,41,606,22.04,269,7.4,9,625,5
Asics,42,847,30.8,319,49.89,13,287,10
Asics,36,527,19.16,486,13.34,2,942,10
Asics,42,1065,38.73,200,48.83,14,853,5
Asics,43,931,33.85,411,20.55,2,662,7
Asics,43,1174,42.69,227,1.65,2,961,4
Asics,43,1158,42.11,53,17.25,6,638,1
Asics,40,512,18.62,171,31.72,3,154,5
Asics,36,919,33.42,211,34.04,13,489,7
Asics,36,1402,50.98,455,26.55,9,385,10
